4628732562290454
4349718681374715
4226183242818833
4935730445419280
4448049786232586
4036737643358002
4887549269850307
4915567166781462
4761062616854577
4236781545343298
4990930691598736
4783441709665393
4105869701289401
4817337074825846
4559552466246185
4854725158073784
4168682513656053
4192529804555058
4040142565781188
4494786932198145
4835366359534938
4077413183539712
4559135528892061
4977323015199919
4471345459643194
4276875988391094
4120659577133937
4124036665358070
4967971711698675
4084306476924768
4883868641128354
4449168350771263
4555605320302794
4134414173346507
4211088762582809
4620993805060694
4158974565020086
4103709548169600
4745113391275206
4472051040099818
4277900698277174
4843992887365519
4199586092885855
4372398514728930
4084193782378594
4644758720201661
4134710987659732
4736826000433822
4678200575161889
4785312352336509
4775981210694622
4201703928658382
4154209164103874
4886133084676873
4208837430659463
4030266897610161
4365865097588039
4663967577665607
4918398768786288
4655300391465535
4060079986221771
4087398107699635
4886576461076663
4139410815254526
4978926248000404
4772006484879759
4850786244615016
4894953637750242
4590918660556763
4564822140405405
4668293886797659
4077725896611177
4190704124498816
4031366486300460
4763030112638883
4189584821256847
4298126753522636
4388232930963080
4812499937524779
4889036008293773
4674750923217407
4870785472457352
4285114488046357
4416373336583787
4095038839214663
4410480574606133
4680475590909894
4003292920065168
4769007832135972
4691086665381633
4245460531111808
4500122681475033
4723583841120226
4569736421714118
4226659649080465
4963738399192188
4342768050507392
4586106483483672
4037598291971747
4119469564543749
4337528957957893
4272355440386994
4285088182496284
4481434733947809
4399443938419036
4193118524274866
4014879201518696
4507144932257864
4799933236725569
4355782481015309
4405044363803090
4314509982683420
4479086135418245
4903244780149302
4774470587025637
4836469427939359
4432721466043891
4085786894231269
4485732578770715
4347920493799665
4413100085946375
4468985010487642
4388034138503613
4539679045173922
4668277103765979
4872985656622726
4293362956276481
4405345210553865
4492733881929577
4228160388050213
4039197379652416
4607828989683068
4020827297862843
4632595611467504
4486209062426251
4530881353706926
4415224789097810
4311152133001433
4866965356561919
4547683796977473
4927654484615949
4741823808161005
4419436542730752
4675975875418179
4117482089564019
4732645294490528
4258886195993459
4158554639864477
4518725898400626
4360300794592592
4396122920689896
4960375160028672
4974340961607359
4345771982502454
4854409092700873
4239132015886522
4498699142748698
4754471749943091
4073934308196090
4271207308750939
4809180657549767
4961458511042763
4604344412861712
4567000476180390
4334039164435809
4985416829496347
4529765681402014
4699551070927694
4935976070008779
4596522543446988
4170223847750001
4789382924254700
4011230476734449
4724879349544050
4844280727183360
4669770254207253
4004251811945333
4673454180728815
4183471260041508
4041686392066006
4227560513212664
4471478231971730
4583988480238644
4694391309753909
4924675272010806
4194345558536139
4295309058188302
4476684092891785
4562049306504977
4061319247285598
4169614480743381
4184695535453861
4798529171320886
4301047953330221
4369053604015939
4698270490971312
4616843814096245
4245024050990289
4072352320720923
4543681081829825
4029153234430508
4710004330915997
4790765257832778
4407091342470606
4271396670320296
4624503210090073
4876467252452564
4462650607588782
4786856891717289
4872593286413241
4987664712011974
4564822588595543
4857718527010196
4502737236312585
4242705181159165
4247652469454519
4804416148484981
4722268119240309
4482933185037232
4354607185168727
4250021241780126
4275833041535315
4676856191343383
4056631330690600
4773149043015272
4907701390590072
4098627425265597
4781304305391891
4996693528437270
4063432514427682
4697747451949842
4700497932179958
4696723803273331
4771360981844308
4537084766959702
4498211884075015
4079623636090679
4354165168080062
4559194168999231
4876110223741000
4392237073963205
4290493140533694
4380715449569214
4048400152555213
4732215913024411
4918053496169865
4541958826302777
4865589119409009
4468855225017346
4459511842116794
4955438801911578
4542191398513659
4481007289537032
4370479931468441
4387393141448559
4591267117095630
4483182164403770
4933415140724844
4253340009006657
4979293141720821
4435741703752903
4042616935262951
4998661731102914
4655932060650623
4642821985956668
4054328701147268
4555929914569059
4690073008066361
4046895572695790
4258773602386966
4705451661006440
4955074630352245
4636334762080833
4566519325569371
4833928301359656
4160985812393551
4178219071825222
4877840481702034
4626552733775478
4858850896066126
4244304935463558
4682145512407487
4172899006652035
4900250426791392
4443854428694829
4443293022523490
4293309292826925
4010192719797230
4485551180993782
4011901200411039
4431327607276357
4913194227643052
4098516193889276
4997132574128573
4085037331342313
4935130611570406
4556048098699860
4343623278585820
4284306333901213
4072365309019596
4387474429253935
4608635624952934
4113453373982161
4391847253411857
4973870677412182
4018957187156958
4209269543348876
4216663819307890
4330178038270481
4862292499877472
4681621934401499
4510853186156268
4537248656658126
4072872938804090
4038151540401790
4850164655821525
4184892873420335
4437297596292240
4768040925022097
4541715990798770
4149618623789768
4010265849449649
4839680075678456
4570571812095869
4013471501247043
4624502494540787
4479527135613194
4925874231987647
4825844539611604
4121255957344910
4196069261495189
4416278386130134
4231292410116947
4459285774214337
4281165231245443
4472443671026741
4336750454133619
4892149187381437
4347342602428641
4286737334394834
4986721675643028
4892892571873382
4291401155735103
4710248542363617
4059523962810241
4522483179437826
4114311360560193
4286593111675477
4873212275840004
4406570044212490
4720397827090110
4275044525197677
4250219871396953
4562948685745301
4429661474590829
4571735714995349
4533751858668516
4501666535411841
4831724826952253
4339674554359519
4599376113759073
4533750661826865
4373196644606649
4813263036935651
4509312910311767
4113255624957003
4448400129777334
4487821978474362
4626367231875187
4531592744773538
4242603752237728
4009430815537875
4821514200418274
4806941973632782
4358099734728993
4408771575576760
4205878565269812
4497953726160601
4513333544961052
4576144559274420
4529387840381516
4247214172063085
4567805862496972
4780750050584943
4250117672041077
4042509266681545
4850461660563187
4102061821795631
4150393689026671
4109022143264832
4606211166731581
4123846791986466
4072917951832120
4913642222100437
4182372178561259
4219498411917987
4787154439228103
4170646439568003
4360380875381784
4537043658989854
4592972488866712
4463302480654872
4604561762748955
4368560159531129
4976496496614571
4027534992033570
4421591431179028
4681479667011823
4325716092560425
4266705042850979
4050277631119950
4081274612888037
4378735866487165
4249666406161639
4965115112492336
4612134950256676
4594175593589181
4970872003590957
4113188398082007
4166347367409650
4292830449921328
4264994755258966
4715155249056805
4522365777532928
4403841990585855
4296632705680259
4596807470758087
4208671012673414
4649027065161889
4063895629320226
4315464907348668
4425700358812653
4111087262310340
4957964498149220
4999939120534064
4255749529281822
4660902747891919
4432180794597575
4914699441729890
4014752695265902
4301366176527425
4998837980422621
4766310700800484
4047206441734712
4561506244773569
4286143673068826
4835975680273816
4238350440042591
4426166111570716
4851520113530165
4829962222548077
4585637427110543
4006128872845958
4778834792936365
4086751603656445
4015367272505908
4710516876339357
4027797113644811
4749962105246770
4378945106992359
4609908246863097
4788348634924313
4384135549450353
4745545403836675
4908583476974910
4671729285286658
4333926998369439
4834315662307822
4742336458451773
4464502298457934
4587678326304025
4292946694740849
4151541578250575
4044271301762164
4639046464533177
4908728855503596
4730551110166668
4844667108944131
4816437647850627
4017068849287743
4185163922288241
4391512176165325
4596510081425399
4825204384693282
4805927911363060
4100973678021832
4188137388615284
4197870941077266
4835399286070957
4731219908661972
4431191806815872
4697015773176407
4473329135338096
4212945821196732
4730461392550649
4141217367287416
4200307308610475
4503717461812144
4269411476357741
4834925018665168
4798847421380660
4158244843124526
4398448391588152
4794211624945445
4601259159479358
4352988396570600
4527599128394035
4276548727071539
4109831829679851
4218786973019486
4193055315731821
4785641467775452
4223765699697935
4139326876669354
4516049910743117
4307807453659146
4969326102039658
4680239643498382
4999386784764316
4506019963194866
4728317900576365
4470533134175689
4740820500838055
4274228594782979
4532325567388343
4894070735384475
4315817326450870
4129285631114365
4908857327889588
4451627207510963
4190562477103163
4358958522253185
4929710301416842
4531275437403478
4387905646224357
4656962622036317
4814093166305634
4615420134515880
4642057884281862
4948648183207896
4753565099820378
4112336088565457
4120107455183517
4297188700454611
4810877877209356
4774475460544182
4609258281969262
4369239056921852
4036093000327499
4499234376377581
4115582396093552
4082360773602017
4753066787589045
4319240624433520
4794902261350986
4887745112685458
4686727644218589
4231898031057011
4377515770718397
4136563473420632
4889974898497072
4435128899070755
4830639838743279
4886309445241777
4449777803173529
4426087688477038
4292862416755439
4242303102963897
4269766979347089
4779681819637628
4409152060579560
4243206427716263
4712376165656807
4340110393371644
4971066240116994
4961807097990854
4031895927216919
4084463730927143
4957742638357014
4384211485605613
4496626536386076
4991495686400537
4190160128956442
4115430211087302
4555172307574069
4369912908387973
4912484663621642
4718634806778982
4432564218398464
4966810287727032
4712238178630908
4932105273548620
4940170626652818
4886327834730150
4285403495009619
4302444848502131
4318204105147307
4269077023531748
4572478212142937
4895464848286009
4337006581620526
4949751023138963
4911072117927706
4491896075891985
4240116419045667
4942920628529044
4211478164468436
4640242471741484
4434035677289708
4350716836745249
4430269377933166
4065083733339097
4920374509408157
4156818243598165
4738230131560579
4858463111061425
4539783498684714
4684834784020445
4439441650080848
4469902219061713
4674564650250055
4386813907254140
4501424001199544
4052611026645997
4357175786541475
4692324505580638
4416652334140736
4654601095118150
4780354584206188
4073653209833763
4834187074892471
4972687736480641
4377969826486014
4679209967171488
4699314561568695
4243445955634916
4551273310450133
4651172559082285
4663456167974116
4656401790566581
4472286417076532
4722298318826129
4497831972211841
4382151153808374
4225609742134728
4007057147007962
4016121878224276
4158783128425553
4948855000289805
4037897642595738
4011133116680826
4670947510744827
4991247363492778
4222111728110338
4723986659046062
4642095580390884
4247125024696841
4632223061204828
4685164088115231
4482061987706752
4887650396080816
4795833861031727
4766946926369257
4410950976972895
4786548083328229
4485911142058993
4902184439732259
4136163912230666
4707641179342307
4968208900081044
4526059744300198
4076177553955888
4586587573151180
4158678389158978
4337601430808122
4431933885857980
4975620805739768
4967216191407753
4621793978617000
4982759980841188
4572715727838339
4352248260997508
4962030618139690
4822198321391658
4836629321301077
4418942315968645
4077648535167213
4889739669909393
4508637145920565
4159355814453022
4260203649123608
4291343093175911
4664942229884954
4010208015888430
4004912479654893
4461370587133860
4758232957583839
4857574873633135
4143416714219852
4015754634490269
4385697945324028
4729502515902101
4210167816677947
4042910393241148
4773417765597557
4483115901831499
4296294851600241
4157105009044389
4883691105803811
4737654623728124
4586638804962356
4137155729935866
4102825390636883
4504338052984991
4300991817256638
4809293768271831
4367789892736320
4624306266049153
4167395082685491
4382596308136727
4953025831667544
4356544865464621
4717526416121804
4317555242654641
4477213390421464
4764825234947792
4221443606571740
4876162878493767
4244279665061543
4455263090346541
4053353536998173
4768331131188651
4022802003150518
4805006648117659
4366312081892852
4124930395626659
4009987241489245
4068660834215669
4538038645261671
4330406310028255
4114648165462202
4698374914437239
4613797930525334
4438093724550768
4215649954447360
4567069347134605
4112578132437288
4709564625097143
4915160752216810
4779830117699885
4970483125659959
4921910589483898
4562181353407000
4874045775003072
4085252415159059
4239921677875389
4335737542922708
4805320442207594
4078724698813817
4337870710773070
4385166368797425
4973308063216719
4686232406745267
4577678770959839
4686935787578053
4156830820816712
4324325031193669
4238144664704444
4725713933736278
4338302266232631
4768172601432983
4303253402401856
4550359621134499
4351161646473642
4830375544994464
4301846072042017
4860456448133640
4332420859433147
4423222764600731
4268866984883671
4499551027077983
4002931529052751
4106517507249124
4274804144362833
4924396734531186
4825286029334349
4011951051449208
4955295265142722
4024324196737066
4144048860574985
4724000427528093
4105682797621738
4706195408822218
4897376691277349
4557229064921939
4734834370582055
4992400627981511
4219400260110425
4299950036955076
4261756804027087
4915020422204655
4748886972199062
4337543685819273
4100344015712758
4254118993827539
4307377924601598
4743296297990879
4055759140822492
4605926257277647
4612164427695222
4855106642431988
4705384328985708
4956261753540560
4855120426047472
4766519140794053
4140891576130517
4126805885531718
4544899593734833
4765209039539980
4614116363943147
4620862737399449
4843242584474606
4721555283763012
4664718706737653
4249241856184034
4299794127987550
4564060510231404
4053232922654659
4155080193309611
4117558435900740
4611089803121405
4065268350052160
4271913341721296
4126703669511214
4940760156095840
4450017178121480
4996936405717128
4841119638707896
4425340284092656
4167621027677545
4487496959779475
4611591709837463
4732602436607626
4713099655690925
4433540644975785
4267137614437762
4515165201818714
4356823416716667
4571181929837259
4011659121037511
4323187864532228
4296155262710798
4627673378346372
4827619611762196
4859209565472850
4437107318345368
4720655931601894
4299746956462253
4118454277265492
4911949741164584
4330023361663029
4764333681533256
4774799341884271
4460736119909152
4566330808769441
4907263312863582
4944726549154160
4274927769500468
4169630022994498
4635242448734742
4022028182054087
4484171010024806
4419668923877188
4351394731368340
4002088659087477
4812495365746355
4180432918645168
4766778761831517
4012993964756765
4875384469303186
4578077423659483
4086349491537957
4659857729153329
4962456403133814
4926323397425546
4462566136801217
4613465692587815
4167274834838353
4905323002088528
4280334420814689
4855923928969337
4794968872091681
4032776468173777
4441336038666274
4644172236322294
4496583209474327
4281097394496077
4015803508544147
4377984242319459
4430713838943199
4581982318436118
4066414659709386
4255486359898819
4714504945930444
4822906682914110
4229322956745975
4291720942037964
4784657981200349
4791496974119765
4277180060151980
4782507538656596
4400449580227566
4655895359627414
4383106297437034
4980127846308176
4857539370732763
4409911412000603
4648991915629901
4475691221798626
4732167991198239
4553761818564874
4194761360650241
4480538886382977
4500669273899145
4567383700182576
4332622795885054
4896124651552314
4927651303391736
4143813664359060
4935646236766228
4932045365621820
4146505336168559
4539889628406181
4365926425348957
4459033773170534
4556492021489348
4851263433830078
4468386022346233
4999336220910775
4941818660829648
4001840177722121
4893027809200111
4380766199684356
4449834526295103
4840353845079903
4764222120052525
4263844425263220
4690616983807819
4114693544051417
4342039507627427
4778742751849018
4973666151302695
4104485791161052
4871320390674539
4475555646330168
4740838790002323
4994676367821284
4387317543057635
4262361926565459
4036129716753139
4653962036967720
4672876390794248
4662841528539529
4563681972061624
4973299091118987
4539462457146003
4108192317711149
4990494393804389
4988175911166492
4077244742682739
4990663329260425
4887284067643007
4173924484719459
4302794005370627
4328111482584739
4702804681657449
4080896869128807
4643979202434569
4955681170859726
4243784122504929
4842372975273860
4585310769201706
4669439110940446
4622948579467895
4310677480021809
4152445545602885
4369651284503007
4764764808216674
4476106352058350
4230570766640524
4319800386263868
4321350452558813
4142708077908787
4174711352259372
4085213213866444
4762680786257922
4880235602299140
4306313760131623
4342797511718157
4974353972076316